1763894770110 0.0 0
1763894817965 0.0 1
1763894868886 0.0 2
1763894919342 0.0 3
1763894973468 0.0 4
1763895036224 0.0 5
1763895096358 0.0 6
1763895159375 0.0 7
1763895221632 0.0 8
1763895283409 0.0 9
1763895346093 0.0 10
1763895406129 0.0 11
1763895468325 0.0 12
1763895534428 0.0 13
1763895599143 0.0 14
1763895662913 0.0 15
1763895724546 0.0 16
1763895791133 0.0 17
1763895860246 0.0 18
1763895921381 0.0 19
1763895980657 0.0 20
1763896041670 0.0 21
1763896103520 0.0 22
1763896168019 0.0 23
1763896233695 0.0 24
1763896298830 0.0 25
1763896362812 0.0 26
1763896428041 0.0 27
1763896489887 0.0 28
1763896553703 0.0 29
1763896615800 0.0 30
1763896670784 0.0 31
1763896725038 0.0 32
1763896777909 0.0 33
1763896830615 0.0 34
1763896887974 0.0 35
1763896948696 0.0 36
1763897010852 0.0 37
1763897069873 0.0 38
1763897130576 0.0 39
1763897188935 0.0 40
1763897246528 0.0 41
1763897304833 0.0 42
1763897362906 0.0 43
1763897422177 0.0 44
1763897480884 0.0 45
1763897541912 0.0 46
1763897601150 0.0 47
1763897654404 0.0 48
1763897707059 0.0 49
1763897760067 0.0 50
1763897812814 0.0 51
1763897865810 0.0 52
1763897918783 0.0 53
1763897971453 0.0 54
1763898024150 0.0 55
1763898076928 0.0 56
1763898129521 0.0 57
1763898182151 0.0 58
1763898234678 0.0 59
1763898287154 0.0 60
1763898339616 0.0 61
1763898392200 0.0 62
1763898445063 0.0 63
1763898497540 0.0 64
1763898550313 0.0 65
1763898602335 0.0 66
1763898654589 0.0 67
1763898706818 0.0 68
1763898759258 0.0 69
1763898811390 0.0 70
1763898863494 0.0 71
1763898915538 0.0 72
1763898967998 0.0 73
1763899020178 0.0 74
1763899072778 0.0 75
1763899125523 0.0 76
1763899178043 0.0 77
1763899230059 0.0 78
1763899282244 0.0 79
1763899334633 0.0 80
1763899387169 0.0 81
1763899439423 0.0 82
1763899491559 0.0 83
1763899543630 0.0 84
1763899596001 0.0 85
1763899648259 0.0 86
1763899700464 0.0 87
1763899752480 0.0 88
1763899804886 0.0 89
1763899855922 0.0 90
1763899905260 0.0 91
1763899954219 0.0 92
1763900003266 0.0 93
1763900050788 0.0 94
1763900098472 0.0 95
1763900146410 0.0 96
1763900194446 0.0 97
1763900243385 0.0 98
1763900292465 0.0 99
1763900296713 0.0 99
