1763894767159 0.00033133732534930144 0
1763894815248 0.0006645083111335038 1
1763894865891 0.0009970291722275393 2
1763894916293 0.0009978031724785245 3
1763894969763 0.0009960967771506667 4
1763895032276 0.000993905728594593 5
1763895092752 0.000991232189110701 6
1763895155601 0.00098807879715968 7
1763895218355 0.0009844486647586726 8
1763895279515 0.0009803453744100868 9
1763895342323 0.000975772975566101 10
1763895402420 0.0009707359806323416 11
1763895464634 0.0009652393605146845 12
1763895530118 0.0009592885397135707 13
1763895594943 0.0009528893909706797 14
1763895658719 0.0009460482294732421 15
1763895720889 0.0009387718066217125 16
1763895786873 0.0009310673033669522 17
1763895856028 0.0009229423231234974 18
1763895917702 0.0009144048842659081 19
1763895977042 0.000905463412215599 20
1763896037931 0.0008961267311259668 21
1763896099838 0.0008864040551740157 22
1763896164252 0.0008763049794670776 23
1763896229856 0.0008658394705735988 24
1763896294963 0.000855017856687341 25
1763896359044 0.0008438508174347008 26
1763896424095 0.0008323493733352076 27
1763896486209 0.0008205248749256015 28
1763896549899 0.0008083889915582234 29
1763896612294 0.0007959536998847743 30
1763896667587 0.0007832312720368047 31
1763896721987 0.0007702342635146033 32
1763896774652 0.0007569755007964337 33
1763896827307 0.000743468068680349 34
1763896884449 0.0007297252973710758 35
1763896944817 0.0007157607493247109 36
1763897007150 0.0007015882058642164 37
1763897066349 0.0006872216535789157 38
1763897127039 0.0006726752705214193 39
1763897185604 0.0006579634122155991 40
1763897243216 0.0006431005974894186 41
1763897301474 0.0006281014941466031 42
1763897359420 0.0006129809044912887 43
1763897418813 0.0005977537507199337 44
1763897477146 0.0005824350601949143 45
1763897538216 0.0005670399506143307 46
1763897597937 0.0005515836150926645 47
1763897651328 0.0005360813071670102 48
1763897703790 0.0005205483257436736 49
1763897756931 0.0005050000000000001 50
1763897809615 0.0004894516742563266 51
1763897862675 0.0004739186928329898 52
1763897915575 0.0004584163849073354 53
1763897968281 0.0004429600493856694 54
1763898021011 0.0004275649398050858 55
1763898073791 0.0004122462492800664 56
1763898126395 0.00039701909550871165 57
1763898178912 0.0003818985058533969 58
1763898231537 0.0003668994025105816 59
1763898283990 0.0003520365877844013 60
1763898336521 0.00033732472947858085 61
1763898389038 0.0003227783464210845 62
1763898441889 0.0003084117941357836 63
1763898494476 0.000294239250675289 64
1763898547243 0.0002802747026289244 65
1763898599226 0.00026653193131965093 66
1763898651502 0.0002530244992035662 67
1763898703652 0.00023976573648539645 68
1763898756197 0.00022676872796319525 69
1763898808283 0.00021404630011522595 70
1763898860291 0.0002016110084417766 71
1763898912431 0.00018947512507439858 72
1763898964786 0.00017765062666479236 73
1763899016941 0.0001661491825652991 74
1763899069620 0.00015498214331265904 75
1763899122382 0.00014416052942640146 76
1763899174893 0.00013369502053292248 77
1763899226953 0.00012359594482598446 78
1763899279154 0.00011387326887403327 79
1763899331495 0.000104536587784401 80
1763899383845 9.559511573409197e-05 81
1763899436328 8.705767687650267e-05 82
1763899488513 7.893269663304791e-05 83
1763899540540 7.122819337828756e-05 84
1763899592879 6.395177052675793e-05 85
1763899645043 5.711060902932042e-05 86
1763899697396 5.071146028642937e-05 87
1763899749332 4.476063948531561e-05 88
1763899801727 3.926401936765833e-05 89
1763899852785 3.422702443389891e-05 90
1763899902216 2.9654625589913275e-05 91
1763899951175 2.5551335241327577e-05 92
1763900000173 2.1921202840320064e-05 93
1763900047837 1.8767810889299018e-05 94
1763900095483 1.6094271405406757e-05 95
1763900143506 1.390322284933354e-05 96
1763900191494 1.219682752147544e-05 97
1763900240229 1.0976769428005628e-05 98
1763900289423 1.024425261896289e-05 99
