1763894767159 0.41398 0
1763894815248 0.23007 1
1763894865891 0.33406 2
1763894916293 0.25864 3
1763894969763 0.32074 4
1763895032276 0.36125 5
1763895092752 0.20074 6
1763895155601 0.18418 7
1763895218355 0.25154 8
1763895279515 0.17126 9
1763895342323 0.27962 10
1763895402420 0.26547 11
1763895464634 0.3847 12
1763895530118 0.28156 13
1763895594943 0.2588 14
1763895658719 0.35479 15
1763895720889 0.21346 16
1763895786873 0.24253 17
1763895856028 0.19688 18
1763895917702 0.2175 19
1763895977042 0.32436 20
1763896037931 0.27803 21
1763896099838 0.21762 22
1763896164252 0.21338 23
1763896229856 0.26793 24
1763896294963 0.44322 25
1763896359044 0.31742 26
1763896424095 0.26787 27
1763896486209 0.24891 28
1763896549899 0.281 29
1763896612294 0.34077 30
1763896667587 0.3481 31
1763896721987 0.26849 32
1763896774652 0.26228 33
1763896827307 0.23145 34
1763896884449 0.2932 35
1763896944817 0.29322 36
1763897007150 0.38782 37
1763897066349 0.37857 38
1763897127039 0.30833 39
1763897185604 0.38146 40
1763897243216 0.35524 41
1763897301474 0.38239 42
1763897359420 0.30413 43
1763897418813 0.35463 44
1763897477146 0.30306 45
1763897538216 0.23792 46
1763897597937 0.26934 47
1763897651328 0.28055 48
1763897703790 0.20072 49
1763897756931 0.36396 50
1763897809615 0.3076 51
1763897862675 0.27008 52
1763897915575 0.25195 53
1763897968281 0.20822 54
1763898021011 0.2556 55
1763898073791 0.23753 56
1763898126395 0.37403 57
1763898178912 0.38577 58
1763898231537 0.26606 59
1763898283990 0.34141 60
1763898336521 0.3562 61
1763898389038 0.26492 62
1763898441889 0.30383 63
1763898494476 0.27443 64
1763898547243 0.34462 65
1763898599226 0.23593 66
1763898651502 0.30959 67
1763898703652 0.25883 68
1763898756197 0.24247 69
1763898808283 0.30773 70
1763898860291 0.211 71
1763898912431 0.31695 72
1763898964786 0.2745 73
1763899016941 0.3477 74
1763899069620 0.22868 75
1763899122382 0.28537 76
1763899174893 0.38914 77
1763899226953 0.16092 78
1763899279154 0.31764 79
1763899331495 0.29167 80
1763899383845 0.33961 81
1763899436328 0.34569 82
1763899488513 0.28277 83
1763899540540 0.26243 84
1763899592879 0.2233 85
1763899645043 0.31675 86
1763899697396 0.22117 87
1763899749332 0.26063 88
1763899801727 0.37492 89
1763899852785 0.23182 90
1763899902216 0.22263 91
1763899951175 0.20235 92
1763900000173 0.17141 93
1763900047837 0.20558 94
1763900095483 0.23914 95
1763900143506 0.26142 96
1763900191494 0.22186 97
1763900240229 0.22437 98
1763900289423 0.24775 99
