1763894767159 10.82271 0
1763894815248 0.44016 1
1763894865891 0.65263 2
1763894916293 0.44967 3
1763894969763 0.67239 4
1763895032276 0.67777 5
1763895092752 0.37725 6
1763895155601 0.3456 7
1763895218355 0.53045 8
1763895279515 0.31466 9
1763895342323 0.5457 10
1763895402420 0.55312 11
1763895464634 0.74332 12
1763895530118 0.49869 13
1763895594943 0.50774 14
1763895658719 0.68658 15
1763895720889 0.39064 16
1763895786873 0.45482 17
1763895856028 0.43204 18
1763895917702 0.48277 19
1763895977042 0.59545 20
1763896037931 0.52296 21
1763896099838 0.37528 22
1763896164252 0.43747 23
1763896229856 0.49006 24
1763896294963 0.78225 25
1763896359044 0.58685 26
1763896424095 0.52434 27
1763896486209 0.50415 28
1763896549899 0.53859 29
1763896612294 0.59966 30
1763896667587 0.69522 31
1763896721987 0.53945 32
1763896774652 0.4941 33
1763896827307 0.47116 34
1763896884449 0.51905 35
1763896944817 0.51393 36
1763897007150 0.72257 37
1763897066349 0.72899 38
1763897127039 0.58056 39
1763897185604 0.71623 40
1763897243216 0.65755 41
1763897301474 0.71134 42
1763897359420 0.5962 43
1763897418813 0.58662 44
1763897477146 0.59513 45
1763897538216 0.47748 46
1763897597937 0.49463 47
1763897651328 0.60098 48
1763897703790 0.41267 49
1763897756931 0.74023 50
1763897809615 0.57965 51
1763897862675 0.55016 52
1763897915575 0.43381 53
1763897968281 0.41868 54
1763898021011 0.42448 55
1763898073791 0.46608 56
1763898126395 0.72344 57
1763898178912 0.68033 58
1763898231537 0.49005 59
1763898283990 0.67572 60
1763898336521 0.63967 61
1763898389038 0.4733 62
1763898441889 0.52966 63
1763898494476 0.56802 64
1763898547243 0.74124 65
1763898599226 0.43468 66
1763898651502 0.63072 67
1763898703652 0.53411 68
1763898756197 0.5343 69
1763898808283 0.60327 70
1763898860291 0.35688 71
1763898912431 0.59222 72
1763898964786 0.46898 73
1763899016941 0.63832 74
1763899069620 0.44038 75
1763899122382 0.53705 76
1763899174893 0.7839 77
1763899226953 0.34674 78
1763899279154 0.57398 79
1763899331495 0.59614 80
1763899383845 0.71582 81
1763899436328 0.63973 82
1763899488513 0.57791 83
1763899540540 0.5655 84
1763899592879 0.43042 85
1763899645043 0.59114 86
1763899697396 0.45497 87
1763899749332 0.51806 88
1763899801727 0.64637 89
1763899852785 0.41604 90
1763899902216 0.41907 91
1763899951175 0.36925 92
1763900000173 0.35209 93
1763900047837 0.3443 94
1763900095483 0.38557 95
1763900143506 0.42845 96
1763900191494 0.39223 97
1763900240229 0.42076 98
1763900289423 0.39086 99
