1763894767159 0.32544 0
1763894815248 0.15787 1
1763894865891 0.20141 2
1763894916293 0.13978 3
1763894969763 0.1923 4
1763895032276 0.2395 5
1763895092752 0.11774 6
1763895155601 0.0918 7
1763895218355 0.14191 8
1763895279515 0.08919 9
1763895342323 0.13781 10
1763895402420 0.14103 11
1763895464634 0.18777 12
1763895530118 0.156 13
1763895594943 0.17948 14
1763895658719 0.19134 15
1763895720889 0.10364 16
1763895786873 0.14127 17
1763895856028 0.10278 18
1763895917702 0.1187 19
1763895977042 0.17266 20
1763896037931 0.14251 21
1763896099838 0.09929 22
1763896164252 0.102 23
1763896229856 0.17404 24
1763896294963 0.27632 25
1763896359044 0.1643 26
1763896424095 0.14537 27
1763896486209 0.14022 28
1763896549899 0.14972 29
1763896612294 0.18187 30
1763896667587 0.19267 31
1763896721987 0.18239 32
1763896774652 0.14743 33
1763896827307 0.13215 34
1763896884449 0.14495 35
1763896944817 0.16176 36
1763897007150 0.20029 37
1763897066349 0.20407 38
1763897127039 0.16036 39
1763897185604 0.19424 40
1763897243216 0.18503 41
1763897301474 0.18917 42
1763897359420 0.1636 43
1763897418813 0.18488 44
1763897477146 0.16886 45
1763897538216 0.11472 46
1763897597937 0.12986 47
1763897651328 0.16518 48
1763897703790 0.10819 49
1763897756931 0.18871 50
1763897809615 0.15191 51
1763897862675 0.16463 52
1763897915575 0.15353 53
1763897968281 0.10032 54
1763898021011 0.20451 55
1763898073791 0.11761 56
1763898126395 0.20645 57
1763898178912 0.20781 58
1763898231537 0.14153 59
1763898283990 0.25332 60
1763898336521 0.18797 61
1763898389038 0.1606 62
1763898441889 0.16769 63
1763898494476 0.14627 64
1763898547243 0.18876 65
1763898599226 0.1121 66
1763898651502 0.17855 67
1763898703652 0.14791 68
1763898756197 0.13936 69
1763898808283 0.16628 70
1763898860291 0.10853 71
1763898912431 0.17648 72
1763898964786 0.13767 73
1763899016941 0.19237 74
1763899069620 0.14436 75
1763899122382 0.16526 76
1763899174893 0.264 77
1763899226953 0.08586 78
1763899279154 0.16801 79
1763899331495 0.14945 80
1763899383845 0.18578 81
1763899436328 0.20819 82
1763899488513 0.15666 83
1763899540540 0.15763 84
1763899592879 0.11176 85
1763899645043 0.17246 86
1763899697396 0.12056 87
1763899749332 0.15555 88
1763899801727 0.21686 89
1763899852785 0.13727 90
1763899902216 0.13208 91
1763899951175 0.12258 92
1763900000173 0.10034 93
1763900047837 0.11828 94
1763900095483 0.14326 95
1763900143506 0.16298 96
1763900191494 0.12519 97
1763900240229 0.15237 98
1763900289423 0.13793 99
